0.295
[398, 398]
0.46
0.265
0.465
0.48
[398, 398]
0.38
0.305
0.35
0.27
0.215
0.495
[398, 398]
0.47
0.31
0.6
0.225
0.435
0.42
0.355
0.335
0.445
0.345
0.24
0.29
[398, 398]
0.4
0.57
0.345
0.225
0.4
0.44
0.23
0.485
0.535
0.365
0.39
0.3
0.36
0.37
0.625
0.31
0.3
0.23
0.245
0.335
0.275
0.54
0.355
0.475
0.26
0.405
0.485
0.32
0.5
0.235
[398, 398]
0.325
0.345
0.555
0.395
0.285
0.595
0.42
0.53
0.425
0.225
0.39
0.555
0.51
0.455
0.455
0.315
0.41
0.315
0.39
0.46
[398, 398]
0.34
0.36
0.275
0.43
0.435
0.245
0.675
0.245
0.265
0.33
0.24
0.595
0.445
0.56
0.23
0.24
0.415
0.325
0.605
0.35
0.32
0.295
0.3
0.34
0.39
0.32
[398, 398]
0.275
0.33
0.475
0.335
0.385
0.31
[398, 398]
0.435
0.305
0.4
0.3
0.455
0.305
[398, 398]
0.425
0.37
0.265
0.39
0.35
0.4
0.265
0.44
0.39
0.305
0.385
0.225
0.585
0.33
0.345
0.34
0.29
0.28
0.45
0.385
0.46
0.235
0.48
0.3
[398, 398]
0.27
0.265
0.395
0.38
0.415
0.185
0.305
0.37
0.33
0.34
[398, 398]
0.37
0.365
0.45
0.235
0.355
0.35
0.4
0.27
0.47
0.535
0.43
0.2
[398, 398]
0.325
0.64
0.38
0.345
[398, 398]
0.815
0.415
0.52
0.29
[398, 398]
0.485
0.36
0.52
0.4
0.355
0.335
[398, 398]
0.525
0.265
0.52
0.45
0.325
0.35
0.44
0.31
0.305
0.615
0.51
0.325
0.305
0.295
0.225
0.48
0.4
0.34
0.375
0.745
0.41
0.375
0.475
0.27
0.685
0.285
0.225
0.39
0.285
0.275
0.59
0.5
0.415
0.35
0.19
0.295
0.31
0.375
0.445
0.385
0.265
0.3
0.31
0.34
0.335
0.375
0.34
0.395
0.4
0.34
0.24
0.345
0.49
0.365
[398, 398]
0.375
0.38
0.245
0.355
0.295
0.385
0.345
0.455
0.41
0.37
0.375
0.315
0.365
0.44
0.285
0.4
[398, 398]
0.44
0.24
0.305
0.235
0.275
0.28
0.305
0.29
0.415
0.36
0.365
0.33
0.245
0.515
0.285
0.215
[398, 398]
0.455
0.82
0.385
0.51
0.27
0.28
0.56
0.31
0.31
0.32
0.38
0.24
0.62
0.22
0.315
0.445
0.26
0.39
0.495
0.475
0.435
0.59
0.315
0.705
0.225
0.34
0.305
0.505
0.41
0.31
0.23
0.3
0.355
0.28
0.405
0.455
0.335
0.495
[398, 398]
0.43
0.255
0.305
0.285
[398, 398]
0.265
0.55
0.275
0.4
0.335
0.41
0.265
0.455
0.855
0.33
0.455
0.255
[398, 398]
0.84
0.56
0.415
0.31
0.405
0.445
[398, 398]
0.455
0.435
0.37
0.35
0.285
0.22
0.39
0.32
0.47
0.335
0.41
0.375
0.29
0.425
0.36
0.48
[398, 398]
0.335
0.505
0.615
0.425
0.52
0.335
0.325
0.315
0.395
0.63
0.47
0.39
0.39
0.255
0.315
0.35
0.455
0.315
0.26
0.36
[398, 398]
0.3
0.34
[398, 398]
0.2
0.35
0.645
0.425
0.3
0.36
0.29
0.405
0.26
0.46
0.605
0.375
0.405
0.35
0.375
0.585
0.31
0.495
0.54
0.42
0.34
0.285
0.46
0.355
0.515
0.61
0.27
0.385
0.395
0.4
0.41
0.205
0.375
0.295
0.635
0.35
0.325
0.29
0.345
0.32
0.21
0.31
0.38
0.39
0.61
0.425
0.495
0.27
0.355
0.385
0.525
0.45
0.74
0.33
0.365
0.465
0.285
0.31
0.365
0.41
0.33
0.365
[398, 398]
0.35
0.36
0.38
0.5
0.19
0.385
0.545
0.305
[398, 398]
0.38
0.43
0.285
0.62
0.365
0.41
[398, 398]
0.405
0.345
0.535
0.315
0.43
0.225
0.535
0.3
0.48
0.59
0.55
0.32
0.425
0.32
0.29
0.34
0.635
0.305
0.28
0.36
0.34
0.24
0.58
0.49
[398, 398]
0.455
0.505
0.335
0.31
[398, 398]
0.375
0.29
[398, 398]
0.245
0.345
0.2
0.395
0.345
0.355
0.335
0.525
0.28
0.285
0.51
0.48
0.39
0.28
0.295
0.365
0.49
0.435
0.32
0.34
0.595
0.22
0.325
0.54
0.265
0.37
0.285
0.345
0.525
0.36
0.48
0.52
0.43
0.385
[398, 398]
0.52
0.71
0.58
0.215
0.33
0.28
0.375
0.33
0.325
0.25
0.29
0.425
[398, 398]
0.28
0.33
0.32
0.405
0.395
0.24
0.27
0.275
0.24
0.755
0.215
0.325
0.4
0.37
0.29
0.35
0.355
0.325
0.31
0.28
0.375
0.26
[398, 398]
0.565
0.32
0.395
0.445
0.465
0.365
0.29
0.575
0.39
0.235
0.375
0.285
[398, 398]
0.33
0.35
0.45
0.495
0.24
0.285
[398, 398]
0.325
0.33
0.325
0.3
0.35
0.465
0.305
0.39
0.2
0.325
[398, 398]
0.545
0.44
0.505
0.41
0.235
0.36
0.45
0.305
0.345
0.24
[398, 398]
0.555
0.215
0.38
0.34
0.26
0.46
0.315
0.585
0.24
0.32
0.325
0.255
0.505
0.28
0.39
0.31
0.44
0.215
0.25
0.295
0.25
0.345
0.37
0.46
0.35
0.37
0.44
0.31
0.4
0.495
[398, 398]
0.305
0.39
0.33
0.525
0.315
0.375
[398, 398]
0.29
0.35
0.345
0.485
0.435
0.28
0.34
0.315
[398, 398]
0.225
0.225
0.335
0.48
0.42
0.335
0.385
0.355
0.585
0.45
0.37
0.2
0.7
0.34
0.275
0.545
0.35
0.33
0.425
0.62
0.62
0.42
0.385
0.34
0.33
0.51
0.28
0.315
0.325
0.27
0.31
0.42
0.37
0.26
0.49
0.4
0.29
0.395
0.335
0.62
0.305
0.465
0.355
0.335
0.33
0.34
0.38
0.34
0.405
0.31
0.485
0.465
0.355
0.215
0.45
0.4
0.325
0.33
0.63
0.285
0.33
0.355
0.295
0.4
0.785
0.25
0.38
0.56
0.305
0.395
0.29
0.505
0.395
0.32
0.41
0.27
[398, 398]
0.215
0.285
0.365
0.31
0.545
0.21
0.45
0.335
0.525
0.375
0.245
0.505
0.32
0.37
0.47
0.415
[398, 398]
0.29
0.195
0.38
0.31
0.43
0.24
0.48
0.355
0.29
0.235
0.355
0.34
0.525
0.545
0.325
0.37
0.255
0.32
0.4
0.45
0.35
0.65
0.345
0.305
0.62
0.45
0.535
0.37
0.305
0.275
0.3
0.305
[398, 398]
0.305
0.405
[398, 398]
0.38
0.34
0.35
0.29
0.365
0.265
0.365
0.32
0.3
0.345
0.46
0.365
[398, 398]
0.39
0.445
