[398, 398]
[398, 398]
[398, 398]
[398, 398]
[398, 398]
[398, 398]
[398, 398]
[398, 398]
[398, 398]
[398, 398]
[398, 398]
[398, 398]
[398, 398]
[398, 398]
[398, 398]
[398, 398]
[398, 398]
[398, 398]
[398, 398]
[398, 398]
[398, 398]
[398, 398]
[398, 398]
[398, 398]
[398, 398]
[398, 398]
[398, 398]
[398, 398]
[398, 398]
[398, 398]
[398, 398]
[398, 398]
[398, 398]
[398, 398]
[398, 398]
[398, 398]
[398, 398]
[398, 398]
[398, 398]
[398, 398]
[398, 398]
[398, 398]
[398, 398]
[398, 398]
[398, 398]
[398, 398]
25.248
